0
0
0
0
0
0
0
0
0
0
0
0
0
0
0
0
0
0
0
0
0
0
0
0
0
0
0
0
0
0
0
0
0
0
0
0
0
0
0
0
0
0
0
0
0
0
0
0
0
0
0
0
0
0
0
0
0
0
0
0
0
0
0
0
0
0
0
0
0
0
0
0
0
0
0
0
0
0
0
0
0
0
0
0
0
0
0
0
0
0
0
0
0
0
0
0
0
0
0
0
0
0
0
0
0
0
0
0
0.113692
0.042167
0.0346107
3.42661
8.51227
11.7063
6.93964
4.55842
3.37086
2.64825
1.34849
1.91242
2.98534
2.90083
1.48752
2.77266
4.06638
2.68763
4.24523
3.03172
2.91588
2.39702
1.91879
1.74801
2.12012
1.77669
3.27456
2.24656
3.94349
0
0
0
0
0
0
0
0
0
0
0
0
0
0
0
0
0
0
0
0
0
0
0
0
0
0
0
0
0
0
0
0
0
0
0
0
0
0
0
0
0
0
0
0
0
0
0
0
0
0
0
0
0
0
0
0
0
0
0
0
0
0
0
0
0
0
0
0
0
0
0
0
0
0
0
0
0
0
0
0
0
0
0
0
0
0
0
0
0
0
0
0
0
0
0
0.2651
0.27276
0.828072
0.871966
0.942911
2.35622
3.86435
3.84368
2.17899
5.60558
5.03968
4.21
3.6689
5.30393
5.91919
6.25175
6.29673
3.34774
5.53157
7.88186
5.54773
6.11827
5.74564
5.85171
12.029
10.1953
10.8129
9.55895
11.8645
10.2719
7.05931
11.7501
11.042
6.17633
7.5546
13.1837
12.8671
10.834
8.10531
8.74874
6.49778
8.76762
6.61215
5.75631
6.07678
8.31348
3.91563
11.2134
6.39101
5.44714
4.25124
4.51241
3.553
5.8337
5.88749
3.11575
6.97131
4.83957
6.22324
5.50169
7.76054
4.47895
5.21044
4.66513
6.12521
9.30531
6.23772
8.76963
7.88258
7.19943
5.17879
6.92958
5.35271
4.71867
3.19173
4.48096
5.12883
5.26331
10.865
2.24464
7.13868
2.73558
3.82068
2.86714
5.04639
2.0283
3.34714
3.47116
4.35137
4.55111
7.14113
4.84994
4.95071
5.2955
6.92854
10.6876
6.44711
8.57179
8.15145
7.18598
6.30858
8.04811
10.0296
13.5807
6.08828
9.03818
10.7892
8.11076
8.56123
8.84234
9.23386
5.45505
8.21916
9.59365
8.39989
8.37334
8.53973
8.69403
7.93169
12.1213
10.0479
9.18097
8.62337
9.10145
8.19512
9.89357
8.28845
13.4085
12.1634
10.1151
12.0899
8.59562
6.37313
7.82424
7.69365
18.5378
8.89905
15.3129
11.9684
8.469
10.2983
10.6669
12.4102
9.94365
15.9023
7.72082
6.01985
7.82629
5.88477
7.09578
10.6672
10.4501
8.04708
13.3823
12.1579
11.9776
5.06568
9.36749
6.11338
8.73754
6.60224
5.9667
8.71132
6.22953
6.2653
5.45477
4.90936
3.13801
4.83188
5.522
1.15951
3.5365
5.46138
1.71143
5.07233
4.82645
2.82592
4.24038
2.5736
3.61205
3.16242
9.45233
6.26172
3.59919
3.72901
1.79338
2.41129
1.54734
4.24476
3.21906
3.67383
3.37786
4.84438
8.36487
4.79784
6.39427
3.4645
9.44767
5.27447
8.90658
7.60325
7.67258
7.91879
6.62319
7.75635
4.28002
9.42228
9.95145
6.83337
6.59935
3.79785
2.88241
6.64195
10.5782
7.81352
5.75658
11.5693
4.87282
6.76562
9.1615
5.17899
5.96187
6.45705
6.48023
6.46205
8.90935
4.40589
6.42368
3.9921
7.90875
5.18377
4.65637
4.99556
1.59833
2.39401
2.10985
0.583333
1.18945
2.70179
3.29781
2.46799
3.49684
2.92983
2.92698
1.80175
1.74859
2.95526
1.99518
2.06484
3.65889
2.54504
2.7653
3.14148
2.18294
3.72362
3.38544
3.13487
4.54464
4.37633
2.72908
4.09148
2.1624
2.81099
2.86397
3.92547
4.08135
4.35934
3.12762
3.46643
3.72523
4.2413
4.80758
4.10087
2.74288
3.51333
2.09651
2.48542
1.19444
1.93647
2.98289
1.94993
2.59771
2.3988
4.27954
2.94078
3.00689
2.66837
2.40044
2.48102
0.633231
1.84612
1.66796
1.11056
2.65115
1.87774
1.77777
1.6619
3.78273
2.70241
3.41547
3.16584
2.02635
0.817794
0
0
0
0
0
1.9971
1.91889
0
1.67443
0
2.06484
3.46181
14.8994
0
0
3.25615
1.26757
4.58427
0
0
0
0
0
0
0
0
0
0
0
0
0
0
0
0
0
0
0
0
0
0
0
0
0
0
0
0
0
0
0
0
0
0
0
0
0
0
0
0
0
0
0
0
0
0
0
0
0
0
0
1.66178
1.37336
2.16219
3.43019
6.43712
5.23889
9.22507
3.23283
2.36643
8.45365
9.0537
6.19377
10.0601
8.46439
8.14997
10.9587
10.9447
10.8165
10.7645
7.94299
7.96556
9.90719
7.42149
6.15407
4.99705
4.24398
5.10101
3.41595
4.72814
3.58147
3.00765
0.697285
0
1.10895
2.91777
5.83339
5.19673
5.6522
6.97486
8.7149
5.04995
11.6811
7.64067
5.56902
6.71437
7.28435
11.1872
7.26186
8.17685
7.9036
10.6914
6.89543
10.0419
8.79945
10.5656
7.93252
3.8033
8.96854
4.65655
3.37336
6.68258
4.6745
3.4331
4.32607
9.86125
11.2881
2.54211
12.1255
7.36143
11.1547
6.63842
12.0232
6.80004
8.09557
9.02042
9.95639
8.17123
8.92051
5.64816
7.40091
5.86885
6.43778
8.10501
5.09523
7.7268
6.48302
4.23745
5.19688
5.88592
5.55864
5.34879
4.16788
0
0
0
0
0.483079
0.0190247
0.935123
2.02274
1.31388
1.015
0.821269
1.42685
12.3689
1.45703
1.73669
1.92673
2.19893
2.59761
2.28104
1.72716
0
2.69197
0
3.52294
4.82069
8.43067
7.6376
3.81713
6.43188
4.49583
4.80018
3.75517
5.00841
3.86275
3.78541
4.55301
1.41387
4.57754
7.32801
0
5.66645
2.23806
3.80908
4.55553
1.16268
5.3549
3.51074
2.42727
2.90727
3.93938
4.02247
2.76961
1.80428
3.07219
4.90235
2.41667
1.95056
1.402
2.19041
0
0
0
0
0
0
0
0
0
0
0
0
0
0
0
0
0
0
0
0
0
0
0
0
0
0
0
0
0
0
0
0
0
0
0
0
0
0
0
0
0
0
0
0
0
0
0
0
0
0
0
0
0
0
0
0
0
0
0
0
0
0
0
0
0
0
0
0
0
0
0
0
0
0
0
0
0
0
0
0
0
0
0
0
0
0
0
0
0
0
0
0
0
0
0
0
0
0
0
0
0
0
0
0
0
0
0
0
0
0
0
0
0
0
0
0
0
0
0
0
0
0
0
0
0
0
0
0
0
0
0
0
0
0
0
0
0
0
0
0
0
