0
0
0
0
0
0
0
0
0
0
0
0
0
0
0
0
0
0
0
0
0
0
0
0
0
0
0
0
0
0
0
0
0
0
0
0
0
0
0
0
0
0
0
0
0
0
0
0
0
0
0
0
0
0
0
0
0
0
0
0
0
0
0
0
0
0
0
0
0
0
0
0
0
0
0
0
0
0
0
0
0
0
0
0
0
0
0
0
0
0
0
0
0
0
0
0
0
0
0
0
0
0
0
0
0
0
0
0
0
0.0379795
0.113938
0.341815
0.569692
0.911508
1.06343
1.32928
1.44322
1.55716
1.55716
1.63312
1.6711
1.59514
1.63312
1.17736
1.51918
1.21534
1.55716
1.2913
1.06343
1.10141
1.02545
0.873528
0.379795
1.02545
1.36726
1.02545
0.379795
0
0
0
0
0
0
0
0
0
0
0
0
0
0
0
0
0
0
0
0
0
0
0
0
0
0
0
0
0
0
0
0
0
0
0
0
0
0
0
0
0
0
0
0
0
0
0
0
0
0
0
0
0
0
0
0
0
0
0
0
0
0
0
0
0
0
0
0
0
0
0
0
0
0
0
0
0
0
0
0
0
0
0
0
0
0
0
0
0
0
0
0
0
0
0
0
0.189897
0.455754
0.797569
1.25332
2.08887
3.22826
4.29168
5.01329
5.39309
6.3046
6.1147
6.38055
6.38055
7.02621
6.64641
6.76035
6.98823
6.68439
6.22864
6.98823
7.36802
6.64641
6.76035
7.33004
7.89973
9.11508
9.87467
10.4064
11.8876
10.5203
10.1405
11.6597
11.4698
10.7102
10.2545
10.4444
10.7482
10.9001
10.6722
10.3304
10.1025
8.92518
8.39347
7.7858
6.87429
5.84884
5.05127
4.4436
4.51956
4.55754
4.36764
4.40562
4.70946
4.51956
4.2537
4.55754
4.51956
4.78542
4.59552
4.70946
4.67148
4.67148
5.43107
5.31713
4.59552
3.94987
3.07634
2.54463
3.00038
1.44322
0.987467
1.74706
1.32928
0.75959
0.873528
0.645651
1.40524
1.63312
1.10141
0.72161
0.607672
0.75959
0.569692
0.835549
1.51918
1.4812
2.39271
3.83593
3.91189
4.55754
4.59552
5.46905
5.69692
5.88682
4.70946
4.67148
5.12723
5.05127
5.01329
4.78542
5.31713
5.84884
5.27915
6.26662
5.54501
5.88682
5.96278
6.34258
5.88682
5.65894
6.19066
5.88682
5.81086
5.81086
5.96278
6.07672
6.38055
6.49449
6.72237
6.68439
6.79833
6.34258
5.54501
4.93733
4.06381
4.6335
3.75997
3.30422
2.62058
4.13976
4.06381
3.45613
3.49411
2.58261
2.84846
2.62058
3.26624
4.06381
4.4436
5.31713
5.43107
5.58299
6.3046
5.81086
5.08925
4.97531
4.6335
6.15268
6.34258
5.81086
6.34258
5.81086
6.41853
5.81086
5.54501
4.89935
5.46905
5.54501
5.58299
5.84884
6.15268
5.77288
6.03874
6.15268
5.12723
4.21572
4.2537
3.72199
4.13976
3.98785
4.17774
4.36764
3.79795
3.26624
4.4436
4.4436
4.4436
5.35511
4.86137
5.16521
4.93733
5.54501
6.34258
6.22864
5.50703
5.65894
5.77288
5.84884
5.50703
5.39309
5.39309
6.1147
6.53247
7.48196
7.97569
8.01367
8.16559
7.5959
8.20357
7.10216
8.08963
7.406
7.02621
7.44398
7.70984
7.14014
7.17812
7.67186
7.06419
6.53247
6.57045
6.60843
6.3046
6.45651
5.96278
6.1147
6.26662
6.57045
6.34258
6.83631
6.1147
5.27915
4.74744
4.86137
4.4436
4.36764
5.01329
4.97531
4.86137
4.74744
4.48158
4.02583
2.9624
3.38017
3.64603
3.87391
3.94987
4.4436
4.48158
5.12723
5.05127
5.35511
4.74744
4.8234
4.67148
4.36764
4.55754
4.02583
3.83593
3.94987
3.87391
4.10179
3.94987
4.32966
4.51956
4.17774
4.32966
4.48158
4.36764
4.4436
4.29168
4.51956
4.59552
4.17774
3.75997
4.13976
4.74744
4.93733
4.86137
4.21572
4.13976
3.38017
3.19028
2.24079
1.36726
1.17736
1.36726
1.25332
1.25332
1.21534
1.40524
1.40524
1.4812
2.16483
1.44322
1.55716
1.51918
1.55716
1.74706
1.63312
1.63312
1.74706
1.82302
1.59514
1.55716
1.63312
1.82302
2.62058
2.50665
2.31675
1.78504
1.10141
0
0
0
0
0
0.0379795
0.075959
0
0
0
0.075959
0.075959
0.075959
0
0
0
0.455754
0.531713
0
0
0
0
0
0
0
0
0
0
0
0
0
0
0
0
0
0
0
0
0
0
0
0
0
0
0
0
0
0
0
0
0
0
0
0
0
0
0
0
0
0
0
0
0
0
0
0
0
0
0
0.151918
0.531713
0.835549
0.75959
1.17736
1.32928
1.59514
1.51918
1.17736
0.911508
1.4812
1.63312
2.27877
1.97493
2.16483
2.46867
2.65856
2.62058
2.43069
2.01291
2.12685
2.65856
2.65856
2.62058
2.20281
2.27877
1.861
2.43069
2.27877
1.55716
0.987467
0.0379795
0
0
0
0.531713
1.78504
1.59514
1.2913
1.4812
2.69654
3.26624
2.84846
2.39271
2.46867
2.7725
3.1523
2.88644
2.9624
3.45613
3.19028
3.53209
3.30422
3.1523
3.45613
3.91189
3.19028
2.16483
1.97493
1.74706
1.40524
2.16483
1.82302
1.10141
0.645651
0.493733
0.683631
1.25332
1.4812
2.05089
1.89897
2.46867
1.55716
2.24079
2.31675
2.08887
2.05089
2.35473
1.97493
1.82302
1.78504
1.97493
1.93695
1.70908
2.08887
1.93695
1.97493
2.39271
2.81048
2.12685
1.89897
0.303836
0
0
0
0
0
0.113938
0.341815
0.303836
0.493733
0.227877
0
0.531713
0.113938
0
0.0379795
0.265856
0.303836
0.341815
0
0.113938
0
0
0
0.113938
0.607672
1.2913
1.17736
1.59514
1.32928
1.74706
2.08887
2.05089
2.16483
1.78504
1.861
1.21534
0.151918
0
0
0
0.303836
0.75959
0.531713
0.341815
0.569692
0.417774
0.607672
0.189897
0.265856
0.683631
0.531713
0.341815
0.683631
0.683631
0.873528
1.02545
0.911508
0.949487
0.493733
0
0
0
0
0
0
0
0
0
0
0
0
0
0
0
0
0
0
0
0
0
0
0
0
0
0
0
0
0
0
0
0
0
0
0
0
0
0
0
0
0
0
0
0
0
0
0
0
0
0
0
0
0
0
0
0
0
0
0
0
0
0
0
0
0
0
0
0
0
0
0
0
0
0
0
0
0
0
0
0
0
0
0
0
0
0
0
0
0
0
0
0
0
0
0
0
0
0
0
0
0
0
0
0
0
0
0
0
0
0
0
0
0
0
0
0
0
0
0
0
0
0
0
0
0
0
0
0
0
0
0
0
0
0
0
0
0
0
0
0
0
